0  1  4  3  4

0  6  5  4  5

1  6  5  4  5   -   

1  1  4  3  4   -   

0  0  6  2  5

0  7  6  5  7

0  2  5  4  6

0  5  7  3  6

0  4  6  3  4

0  3  6  1  5

0  3  4  5  5

0  6  6  5  5

0  1  6  3  6

0  1  5  0  3

0  1  4  2  4

0  0  3  1  1

0  1  3  2  3

0  1  1  2  3

0  0  4  1  3

0  2  3  3  5

0  2  4  3  5

1  2  4  3  5  n 1

1  2  3  3  5   -   

1  0  4  1  3   -   

1  1  1  2  3  p 0

1  1  3  2  3   -   

1  0  3  1  1  p 0

1  1  4  2  4   -   

1  1  5  0  3  q 0

1  1  6  3  6   -   

1  6  6  5  5  n 0

1  3  4  5  5   -   

1  3  6  1  5  p 0

1  4  6  3  4   -   

1  5  7  3  6   -   

1  2  5  4  6   -   

1  7  6  5  7   -   

1  0  6  2  5   -   

0  0  6  2  5

0  7  6  5  5

0  2  5  4  4

0  5  5  3  4

0  4  4  6  3

0  3  4  1  5

0  6  3  7  5

0  1  5  2  3

0  1  4  2  3

